# Created by Octave 3.4.0, Tue May 10 01:55:06 2011 CDT <jbaran@uaf18531>
# name: pEx
# type: matrix
# rows: 225
# columns: 1
 -55.08444444444444
 11.91555555555556
 35.91555555555556
 38.91555555555556
 31.91555555555556
 30.91555555555556
 32.91555555555556
 58.91555555555556
 63.91555555555556
 56.91555555555556
 54.91555555555556
 50.91555555555556
 28.91555555555556
 23.91555555555556
 17.91555555555556
 -42.08444444444444
 35.91555555555556
 45.91555555555556
 40.91555555555556
 -33.08444444444444
 -29.08444444444444
 -14.08444444444444
 59.91555555555556
 64.91555555555556
 59.91555555555556
 55.91555555555556
 47.91555555555556
 29.91555555555556
 19.91555555555556
 14.91555555555556
 -17.08444444444444
 25.91555555555556
 58.91555555555556
 24.91555555555556
 -23.08444444444444
 -6.084444444444443
 -35.08444444444444
 60.91555555555556
 61.91555555555556
 61.91555555555556
 53.91555555555556
 52.91555555555556
 25.91555555555556
 17.91555555555556
 13.91555555555556
 -11.08444444444444
 15.91555555555556
 68.91555555555556
 -4.084444444444443
 11.91555555555556
 36.91555555555556
 -16.08444444444444
 62.91555555555556
 64.91555555555556
 62.91555555555556
 51.91555555555556
 35.91555555555556
 21.91555555555556
 20.91555555555556
 11.91555555555556
 -36.08444444444444
 49.91555555555556
 90.91555555555556
 -40.08444444444444
 42.91555555555556
 23.91555555555556
 -31.08444444444444
 -23.08444444444444
 -16.08444444444444
 -24.08444444444444
 -21.08444444444444
 -3.084444444444443
 -3.084444444444443
 -3.084444444444443
 -27.08444444444444
 -63.08444444444444
 105.9155555555556
 120.9155555555556
 -39.08444444444444
 38.91555555555556
 17.91555555555556
 -70.08444444444444
 -46.08444444444444
 -52.08444444444444
 -48.08444444444444
 -58.08444444444444
 -53.08444444444444
 -56.08444444444444
 -54.08444444444444
 -60.08444444444444
 -44.08444444444444
 145.9155555555556
 130.9155555555556
 29.91555555555556
 -11.08444444444444
 10.91555555555556
 -77.08444444444444
 -26.08444444444444
 -76.08444444444444
 0.9155555555555566
 -53.08444444444444
 -62.08444444444444
 -74.08444444444444
 -70.08444444444444
 -69.08444444444444
 15.91555555555556
 138.9155555555556
 129.9155555555556
 82.91555555555556
 -41.08444444444444
 -30.08444444444444
 -48.08444444444444
 -53.08444444444444
 -67.08444444444444
 88.91555555555556
 -70.08444444444444
 -55.08444444444444
 -67.08444444444444
 -60.08444444444444
 -58.08444444444444
 48.91555555555556
 147.9155555555556
 141.9155555555556
 91.91555555555556
 -33.08444444444444
 -64.08444444444444
 -34.08444444444444
 -37.08444444444444
 -61.08444444444444
 95.91555555555556
 -89.08444444444444
 -59.08444444444444
 -42.08444444444444
 -34.08444444444444
 -39.08444444444444
 14.91555555555556
 114.9155555555556
 118.9155555555556
 129.9155555555556
 -14.08444444444444
 -72.08444444444444
 -15.08444444444444
 -27.08444444444444
 -56.08444444444444
 42.91555555555556
 -86.08444444444444
 -63.08444444444444
 -31.08444444444444
 -14.08444444444444
 -24.08444444444444
 -14.08444444444444
 44.91555555555556
 60.91555555555556
 115.9155555555556
 -31.08444444444444
 -40.08444444444444
 9.915555555555557
 -12.08444444444444
 -38.08444444444444
 16.91555555555556
 -72.08444444444444
 -59.08444444444444
 -50.08444444444444
 -21.08444444444444
 -13.08444444444444
 -30.08444444444444
 -22.08444444444444
 -26.08444444444444
 18.91555555555556
 -16.08444444444444
 -12.08444444444444
 -40.08444444444444
 3.915555555555557
 -39.08444444444444
 5.915555555555557
 -34.08444444444444
 -57.08444444444444
 -59.08444444444444
 -31.08444444444444
 -1.084444444444443
 -37.08444444444444
 -39.08444444444444
 -34.08444444444444
 -48.08444444444444
 -23.08444444444444
 -16.08444444444444
 -16.08444444444444
 21.91555555555556
 5.915555555555557
 5.915555555555557
 -16.08444444444444
 -38.08444444444444
 -30.08444444444444
 -29.08444444444444
 -1.084444444444443
 -36.08444444444444
 -33.08444444444444
 -40.08444444444444
 -64.08444444444444
 -47.08444444444444
 -36.08444444444444
 13.91555555555556
 41.91555555555556
 40.91555555555556
 20.91555555555556
 -2.084444444444443
 -14.08444444444444
 -9.084444444444443
 -25.08444444444444
 -3.084444444444443
 -34.08444444444444
 -33.08444444444444
 -38.08444444444444
 -45.08444444444444
 -45.08444444444444
 -19.08444444444444
 6.915555555555557
 43.91555555555556
 48.91555555555556
 27.91555555555556
 10.91555555555556
 -1.084444444444443
 -6.084444444444443
 -20.08444444444444
 -2.084444444444443


